15267.937968222595,[6.e+01 2.e-02 1.e-01 5.e-02 2.e-09 1.e+00],"[9.72112572e-03 1.88704168e-06 1.87117134e-05 3.22547135e-04
 1.24126133e-12 6.25755517e-05]"
2998.6258391710453,"[6.22308858e+01 2.12728376e-02 1.22479200e-01 4.58951375e-02
 2.06506424e-09 9.36896036e-01]","[8.55999948e-03 1.81476249e-06 1.93608721e-05 2.67997025e-04
 1.05640202e-12 5.55152907e-05]"
4152.958227542054,"[5.70914961e+01 2.03387289e-02 1.26201993e-01 1.12183829e-01
 2.34735690e-09 9.10210061e-01]","[1.06333021e-02 2.06245010e-06 2.57015910e-05 2.51011063e-04
 1.05811195e-12 7.64308835e-05]"
2654.3067588598797,"[6.68836389e+01 2.21189737e-02 1.19209857e-01 4.46743172e-02
 2.03408588e-09 9.61417302e-01]","[9.08176073e-03 1.93365656e-06 1.92613995e-05 2.74467293e-04
 1.07126204e-12 5.78008110e-05]"
